polygon
100
4 0 0 0.0718478 0 0.145748 0.0825309 0 0.105583  0 0 
4 0 0.105583 0.145748 0.0825309 0.116486 0.188542 0 0.168072  0 0 
4 0 0.168072 0.116486 0.188542 0.113495 0.321102 0 0.324736  0 0 
4 0 0.324736 0.113495 0.321102 0.0891015 0.390845 0 0.348047  0 0 
4 0 0.348047 0.0891015 0.390845 0.116453 0.5 0 0.5  0 0 
4 0 0.5 0.116453 0.5 0.0863905 0.592077 0 0.644515  0 0 
4 0 0.644515 0.0863905 0.592077 0.110034 0.706968 0 0.685982  0 0 
4 0 0.685982 0.110034 0.706968 0.122953 0.801199 0 0.824515  0 0 
4 0 0.824515 0.122953 0.801199 0.129299 0.898871 0 0.94291  0 0 
4 0 0.94291 0.129299 0.898871 0.0667059 1 0 1  0 0 
4 0.0718478 0 0.251167 0 0.221578 0.0984062 0.145748 0.0825309  0 0 
4 0.145748 0.0825309 0.221578 0.0984062 0.159149 0.217475 0.116486 0.188542  0 0 
4 0.116486 0.188542 0.159149 0.217475 0.18573 0.261845 0.113495 0.321102  0 0 
4 0.113495 0.321102 0.18573 0.261845 0.207078 0.434239 0.0891015 0.390845  0 0 
4 0.0891015 0.390845 0.207078 0.434239 0.218439 0.5 0.116453 0.5  0 0 
4 0.116453 0.5 0.218439 0.5 0.248933 0.553239 0.0863905 0.592077  0 0 
4 0.0863905 0.592077 0.248933 0.553239 0.185193 0.705142 0.110034 0.706968  0 0 
4 0.110034 0.706968 0.185193 0.705142 0.174748 0.810319 0.122953 0.801199  0 0 
4 0.122953 0.801199 0.174748 0.810319 0.152223 0.907532 0.129299 0.898871  0 0 
4 0.129299 0.898871 0.152223 0.907532 0.221291 1 0.0667059 1  0 0 
4 0.251167 0 0.326555 0 0.292779 0.114232 0.221578 0.0984062  0 0 
4 0.221578 0.0984062 0.292779 0.114232 0.332121 0.155891 0.159149 0.217475  0 0 
4 0.159149 0.217475 0.332121 0.155891 0.347219 0.34409 0.18573 0.261845  0 0 
4 0.18573 0.261845 0.347219 0.34409 0.310811 0.373877 0.207078 0.434239  0 0 
4 0.207078 0.434239 0.310811 0.373877 0.339586 0.5 0.218439 0.5  0 0 
4 0.218439 0.5 0.339586 0.5 0.324661 0.591756 0.248933 0.553239  0 0 
4 0.248933 0.553239 0.324661 0.591756 0.348905 0.654638 0.185193 0.705142  0 0 
4 0.185193 0.705142 0.348905 0.654638 0.305661 0.77795 0.174748 0.810319  0 0 
4 0.174748 0.810319 0.305661 0.77795 0.337944 0.88259 0.152223 0.907532  0 0 
4 0.152223 0.907532 0.337944 0.88259 0.319102 1 0.221291 1  0 0 
4 0.326555 0 0.384805 0 0.393051 0.106621 0.292779 0.114232  0 0 
4 0.292779 0.114232 0.393051 0.106621 0.412362 0.159014 0.332121 0.155891  0 0 
4 0.332121 0.155891 0.412362 0.159014 0.442215 0.326982 0.347219 0.34409  0 0 
4 0.347219 0.34409 0.442215 0.326982 0.430859 0.433385 0.310811 0.373877  0 0 
4 0.310811 0.373877 0.430859 0.433385 0.41802 0.5 0.339586 0.5  0 0 
4 0.339586 0.5 0.41802 0.5 0.375947 0.613381 0.324661 0.591756  0 0 
4 0.324661 0.591756 0.375947 0.613381 0.403906 0.653307 0.348905 0.654638  0 0 
4 0.348905 0.654638 0.403906 0.653307 0.35643 0.775759 0.305661 0.77795  0 0 
4 0.305661 0.77795 0.35643 0.775759 0.390362 0.897248 0.337944 0.88259  0 0 
4 0.337944 0.88259 0.390362 0.897248 0.443353 1 0.319102 1  0 0 
4 0.384805 0 0.5 0 0.5 0.0641136 0.393051 0.106621  0 0 
4 0.393051 0.106621 0.5 0.0641136 0.5 0.248349 0.412362 0.159014  0 0 
4 0.412362 0.159014 0.5 0.248349 0.5 0.250047 0.442215 0.326982  0 0 
4 0.442215 0.326982 0.5 0.250047 0.5 0.411672 0.430859 0.433385  0 0 
4 0.430859 0.433385 0.5 0.411672 0.5 0.5 0.41802 0.5  0 0 
4 0.41802 0.5 0.5 0.5 0.5 0.586811 0.375947 0.613381  0 0 
4 0.375947 0.613381 0.5 0.586811 0.5 0.735314 0.403906 0.653307  0 0 
4 0.403906 0.653307 0.5 0.735314 0.5 0.794871 0.35643 0.775759  0 0 
4 0.35643 0.775759 0.5 0.794871 0.5 0.862598 0.390362 0.897248  0 0 
4 0.390362 0.897248 0.5 0.862598 0.5 1 0.443353 1  0 0 
4 0.5 0 0.594081 0 0.647879 0.114841 0.5 0.0641136  0 0 
4 0.5 0.0641136 0.647879 0.114841 0.573217 0.184386 0.5 0.248349  0 0 
4 0.5 0.248349 0.573217 0.184386 0.566913 0.299008 0.5 0.250047  0 0 
4 0.5 0.250047 0.566913 0.299008 0.590383 0.396134 0.5 0.411672  0 0 
4 0.5 0.411672 0.590383 0.396134 0.61176 0.5 0.5 0.5  0 0 
4 0.5 0.5 0.61176 0.5 0.580314 0.611489 0.5 0.586811  0 0 
4 0.5 0.586811 0.580314 0.611489 0.565552 0.712829 0.5 0.735314  0 0 
4 0.5 0.735314 0.565552 0.712829 0.573072 0.80926 0.5 0.794871  0 0 
4 0.5 0.794871 0.573072 0.80926 0.600642 0.896267 0.5 0.862598  0 0 
4 0.5 0.862598 0.600642 0.896267 0.60439 1 0.5 1  0 0 
4 0.594081 0 0.683226 0 0.679615 0.0906262 0.647879 0.114841  0 0 
4 0.647879 0.114841 0.679615 0.0906262 0.67731 0.188778 0.573217 0.184386  0 0 
4 0.573217 0.184386 0.67731 0.188778 0.70032 0.32353 0.566913 0.299008  0 0 
4 0.566913 0.299008 0.70032 0.32353 0.679458 0.358889 0.590383 0.396134  0 0 
4 0.590383 0.396134 0.679458 0.358889 0.693989 0.5 0.61176 0.5  0 0 
4 0.61176 0.5 0.693989 0.5 0.648555 0.617389 0.580314 0.611489  0 0 
4 0.580314 0.611489 0.648555 0.617389 0.723751 0.676853 0.565552 0.712829  0 0 
4 0.565552 0.712829 0.723751 0.676853 0.674753 0.822098 0.573072 0.80926  0 0 
4 0.573072 0.80926 0.674753 0.822098 0.730089 0.951533 0.600642 0.896267  0 0 
4 0.600642 0.896267 0.730089 0.951533 0.697174 1 0.60439 1  0 0 
4 0.683226 0 0.794812 0 0.83486 0.0646246 0.679615 0.0906262  0 0 
4 0.679615 0.0906262 0.83486 0.0646246 0.788754 0.2022 0.67731 0.188778  0 0 
4 0.67731 0.188778 0.788754 0.2022 0.823121 0.307334 0.70032 0.32353  0 0 
4 0.70032 0.32353 0.823121 0.307334 0.795845 0.394203 0.679458 0.358889  0 0 
4 0.679458 0.358889 0.795845 0.394203 0.756301 0.5 0.693989 0.5  0 0 
4 0.693989 0.5 0.756301 0.5 0.785828 0.579069 0.648555 0.617389  0 0 
4 0.648555 0.617389 0.785828 0.579069 0.837296 0.727505 0.723751 0.676853  0 0 
4 0.723751 0.676853 0.837296 0.727505 0.847674 0.806141 0.674753 0.822098  0 0 
4 0.674753 0.822098 0.847674 0.806141 0.748509 0.910195 0.730089 0.951533  0 0 
4 0.730089 0.951533 0.748509 0.910195 0.833518 1 0.697174 1  0 0 
4 0.794812 0 0.870522 0 0.902338 0.145887 0.83486 0.0646246  0 0 
4 0.83486 0.0646246 0.902338 0.145887 0.922616 0.171172 0.788754 0.2022  0 0 
4 0.788754 0.2022 0.922616 0.171172 0.894662 0.265253 0.823121 0.307334  0 0 
4 0.823121 0.307334 0.894662 0.265253 0.949695 0.384706 0.795845 0.394203  0 0 
4 0.795845 0.394203 0.949695 0.384706 0.852199 0.5 0.756301 0.5  0 0 
4 0.756301 0.5 0.852199 0.5 0.94185 0.577332 0.785828 0.579069  0 0 
4 0.785828 0.579069 0.94185 0.577332 0.873627 0.74587 0.837296 0.727505  0 0 
4 0.837296 0.727505 0.873627 0.74587 0.860884 0.846727 0.847674 0.806141  0 0 
4 0.847674 0.806141 0.860884 0.846727 0.921396 0.936854 0.748509 0.910195  0 0 
4 0.748509 0.910195 0.921396 0.936854 0.869183 1 0.833518 1  0 0 
4 0.870522 0 1 0 1 0.0808454 0.902338 0.145887  0 0 
4 0.902338 0.145887 1 0.0808454 1 0.238986 0.922616 0.171172  0 0 
4 0.922616 0.171172 1 0.238986 1 0.254811 0.894662 0.265253  0 0 
4 0.894662 0.265253 1 0.254811 1 0.352246 0.949695 0.384706  0 0 
4 0.949695 0.384706 1 0.352246 1 0.5 0.852199 0.5  0 0 
4 0.852199 0.5 1 0.5 1 0.559408 0.94185 0.577332  0 0 
4 0.94185 0.577332 1 0.559408 1 0.686756 0.873627 0.74587  0 0 
4 0.873627 0.74587 1 0.686756 1 0.751943 0.860884 0.846727  0 0 
4 0.860884 0.846727 1 0.751943 1 0.94761 0.921396 0.936854  0 0 
4 0.921396 0.936854 1 0.94761 1 1 0.869183 1  0 0 
