polygon
100
4 0 0 0.114005 0 0.0519864 0.147561 0 0.0524339  0 0 
4 0 0.0524339 0.0519864 0.147561 0.122754 0.177541 0 0.18651  0 0 
4 0 0.18651 0.122754 0.177541 0.152872 0.289096 0 0.299346  0 0 
4 0 0.299346 0.152872 0.289096 0.151941 0.428052 0 0.381866  0 0 
4 0 0.381866 0.151941 0.428052 0.0662964 0.519239 0 0.490707  0 0 
4 0 0.490707 0.0662964 0.519239 0.098604 0.632314 0 0.580553  0 0 
4 0 0.580553 0.098604 0.632314 0.129891 0.740966 0 0.667532  0 0 
4 0 0.667532 0.129891 0.740966 0.0615383 0.749917 0 0.850039  0 0 
4 0 0.850039 0.0615383 0.749917 0.0995835 0.889996 0 0.936741  0 0 
4 0 0.936741 0.0995835 0.889996 0.0753257 1 0 1  0 0 
4 0.114005 0 0.188768 0 0.227016 0.0895306 0.0519864 0.147561  0 0 
4 0.0519864 0.147561 0.227016 0.0895306 0.227196 0.147654 0.122754 0.177541  0 0 
4 0.122754 0.177541 0.227196 0.147654 0.195083 0.304334 0.152872 0.289096  0 0 
4 0.152872 0.289096 0.195083 0.304334 0.2113 0.403961 0.151941 0.428052  0 0 
4 0.151941 0.428052 0.2113 0.403961 0.157333 0.499487 0.0662964 0.519239  0 0 
4 0.0662964 0.519239 0.157333 0.499487 0.158929 0.646691 0.098604 0.632314  0 0 
4 0.098604 0.632314 0.158929 0.646691 0.229414 0.66348 0.129891 0.740966  0 0 
4 0.129891 0.740966 0.229414 0.66348 0.227244 0.851649 0.0615383 0.749917  0 0 
4 0.0615383 0.749917 0.227244 0.851649 0.176158 0.889196 0.0995835 0.889996  0 0 
4 0.0995835 0.889996 0.176158 0.889196 0.164892 1 0.0753257 1  0 0 
4 0.188768 0 0.259838 0 0.32663 0.0794611 0.227016 0.0895306  0 0 
4 0.227016 0.0895306 0.32663 0.0794611 0.323169 0.216699 0.227196 0.147654  0 0 
4 0.227196 0.147654 0.323169 0.216699 0.281336 0.248088 0.195083 0.304334  0 0 
4 0.195083 0.304334 0.281336 0.248088 0.252231 0.417701 0.2113 0.403961  0 0 
4 0.2113 0.403961 0.252231 0.417701 0.258567 0.460865 0.157333 0.499487  0 0 
4 0.157333 0.499487 0.258567 0.460865 0.255913 0.599614 0.158929 0.646691  0 0 
4 0.158929 0.646691 0.255913 0.599614 0.255879 0.693905 0.229414 0.66348  0 0 
4 0.229414 0.66348 0.255879 0.693905 0.279665 0.852446 0.227244 0.851649  0 0 
4 0.227244 0.851649 0.279665 0.852446 0.32633 0.865505 0.176158 0.889196  0 0 
4 0.176158 0.889196 0.32633 0.865505 0.343929 1 0.164892 1  0 0 
4 0.259838 0 0.385589 0 0.423629 0.0667636 0.32663 0.0794611  0 0 
4 0.32663 0.0794611 0.423629 0.0667636 0.408423 0.170064 0.323169 0.216699  0 0 
4 0.323169 0.216699 0.408423 0.170064 0.382745 0.322852 0.281336 0.248088  0 0 
4 0.281336 0.248088 0.382745 0.322852 0.394006 0.389517 0.252231 0.417701  0 0 
4 0.252231 0.417701 0.394006 0.389517 0.364152 0.497324 0.258567 0.460865  0 0 
4 0.258567 0.460865 0.364152 0.497324 0.392871 0.603406 0.255913 0.599614  0 0 
4 0.255913 0.599614 0.392871 0.603406 0.366951 0.656278 0.255879 0.693905  0 0 
4 0.255879 0.693905 0.366951 0.656278 0.392363 0.773442 0.279665 0.852446  0 0 
4 0.279665 0.852446 0.392363 0.773442 0.422277 0.918652 0.32633 0.865505  0 0 
4 0.32633 0.865505 0.422277 0.918652 0.35244 1 0.343929 1  0 0 
4 0.385589 0 0.492932 0 0.49759 0.133266 0.423629 0.0667636  0 0 
4 0.423629 0.0667636 0.49759 0.133266 0.493258 0.239149 0.408423 0.170064  0 0 
4 0.408423 0.170064 0.493258 0.239149 0.524192 0.287935 0.382745 0.322852  0 0 
4 0.382745 0.322852 0.524192 0.287935 0.532788 0.362242 0.394006 0.389517  0 0 
4 0.394006 0.389517 0.532788 0.362242 0.531841 0.520497 0.364152 0.497324  0 0 
4 0.364152 0.497324 0.531841 0.520497 0.501119 0.561339 0.392871 0.603406  0 0 
4 0.392871 0.603406 0.501119 0.561339 0.53093 0.749854 0.366951 0.656278  0 0 
4 0.366951 0.656278 0.53093 0.749854 0.4481 0.765216 0.392363 0.773442  0 0 
4 0.392363 0.773442 0.4481 0.765216 0.529215 0.868583 0.422277 0.918652  0 0 
4 0.422277 0.918652 0.529215 0.868583 0.538204 1 0.35244 1  0 0 
4 0.492932 0 0.638101 0 0.639918 0.0696681 0.49759 0.133266  0 0 
4 0.49759 0.133266 0.639918 0.0696681 0.619298 0.165618 0.493258 0.239149  0 0 
4 0.493258 0.239149 0.619298 0.165618 0.580178 0.348916 0.524192 0.287935  0 0 
4 0.524192 0.287935 0.580178 0.348916 0.551959 0.438452 0.532788 0.362242  0 0 
4 0.532788 0.362242 0.551959 0.438452 0.552723 0.470845 0.531841 0.520497  0 0 
4 0.531841 0.520497 0.552723 0.470845 0.598618 0.554109 0.501119 0.561339  0 0 
4 0.501119 0.561339 0.598618 0.554109 0.649964 0.695928 0.53093 0.749854  0 0 
4 0.53093 0.749854 0.649964 0.695928 0.644997 0.814974 0.4481 0.765216  0 0 
4 0.4481 0.765216 0.644997 0.814974 0.571332 0.867747 0.529215 0.868583  0 0 
4 0.529215 0.868583 0.571332 0.867747 0.596864 1 0.538204 1  0 0 
4 0.638101 0 0.729914 0 0.661703 0.0817101 0.639918 0.0696681  0 0 
4 0.639918 0.0696681 0.661703 0.0817101 0.744369 0.216405 0.619298 0.165618  0 0 
4 0.619298 0.165618 0.744369 0.216405 0.651788 0.324812 0.580178 0.348916  0 0 
4 0.580178 0.348916 0.651788 0.324812 0.711623 0.396734 0.551959 0.438452  0 0 
4 0.551959 0.438452 0.711623 0.396734 0.655347 0.478759 0.552723 0.470845  0 0 
4 0.552723 0.470845 0.655347 0.478759 0.729543 0.585514 0.598618 0.554109  0 0 
4 0.598618 0.554109 0.729543 0.585514 0.682055 0.693417 0.649964 0.695928  0 0 
4 0.649964 0.695928 0.682055 0.693417 0.710418 0.774138 0.644997 0.814974  0 0 
4 0.644997 0.814974 0.710418 0.774138 0.748038 0.887526 0.571332 0.867747  0 0 
4 0.571332 0.867747 0.748038 0.887526 0.7492 1 0.596864 1  0 0 
4 0.729914 0 0.77791 0 0.804514 0.124868 0.661703 0.0817101  0 0 
4 0.661703 0.0817101 0.804514 0.124868 0.850359 0.175983 0.744369 0.216405  0 0 
4 0.744369 0.216405 0.850359 0.175983 0.771693 0.258278 0.651788 0.324812  0 0 
4 0.651788 0.324812 0.771693 0.258278 0.821804 0.422287 0.711623 0.396734  0 0 
4 0.711623 0.396734 0.821804 0.422287 0.842548 0.527929 0.655347 0.478759  0 0 
4 0.655347 0.478759 0.842548 0.527929 0.773773 0.561498 0.729543 0.585514  0 0 
4 0.729543 0.585514 0.773773 0.561498 0.787307 0.70237 0.682055 0.693417  0 0 
4 0.682055 0.693417 0.787307 0.70237 0.766469 0.846473 0.710418 0.774138  0 0 
4 0.710418 0.774138 0.766469 0.846473 0.821371 0.919944 0.748038 0.887526  0 0 
4 0.748038 0.887526 0.821371 0.919944 0.786311 1 0.7492 1  0 0 
4 0.77791 0 0.937811 0 0.853773 0.13847 0.804514 0.124868  0 0 
4 0.804514 0.124868 0.853773 0.13847 0.927089 0.177518 0.850359 0.175983  0 0 
4 0.850359 0.175983 0.927089 0.177518 0.852466 0.323047 0.771693 0.258278  0 0 
4 0.771693 0.258278 0.852466 0.323047 0.916184 0.348103 0.821804 0.422287  0 0 
4 0.821804 0.422287 0.916184 0.348103 0.944986 0.527203 0.842548 0.527929  0 0 
4 0.842548 0.527929 0.944986 0.527203 0.935748 0.628672 0.773773 0.561498  0 0 
4 0.773773 0.561498 0.935748 0.628672 0.895733 0.749909 0.787307 0.70237  0 0 
4 0.787307 0.70237 0.895733 0.749909 0.867018 0.845424 0.766469 0.846473  0 0 
4 0.766469 0.846473 0.867018 0.845424 0.916915 0.909391 0.821371 0.919944  0 0 
4 0.821371 0.919944 0.916915 0.909391 0.850042 1 0.786311 1  0 0 
4 0.937811 0 1 0 1 0.125874 0.853773 0.13847  0 0 
4 0.853773 0.13847 1 0.125874 1 0.220452 0.927089 0.177518  0 0 
4 0.927089 0.177518 1 0.220452 1 0.334541 0.852466 0.323047  0 0 
4 0.852466 0.323047 1 0.334541 1 0.420857 0.916184 0.348103  0 0 
4 0.916184 0.348103 1 0.420857 1 0.549791 0.944986 0.527203  0 0 
4 0.944986 0.527203 1 0.549791 1 0.56574 0.935748 0.628672  0 0 
4 0.935748 0.628672 1 0.56574 1 0.70818 0.895733 0.749909  0 0 
4 0.895733 0.749909 1 0.70818 1 0.76434 0.867018 0.845424  0 0 
4 0.867018 0.845424 1 0.76434 1 0.904493 0.916915 0.909391  0 0 
4 0.916915 0.909391 1 0.904493 1 1 0.850042 1  0 0 
